,duokong,code,date
0,0.0,603127,20170825
1,0.0,603127,20170828
2,0.0,603127,20170829
3,0.0,603127,20170830
4,0.0,603127,20170831
5,0.0,603127,20170901
6,0.0,603127,20170904
7,0.0,603127,20170905
8,0.0,603127,20170906
9,0.0,603127,20170907
10,0.0,603127,20170908
11,0.0,603127,20170911
12,0.0,603127,20170912
13,0.0,603127,20170913
14,0.0,603127,20170914
15,0.0,603127,20170915
16,0.0,603127,20170918
17,0.0,603127,20170919
18,0.0,603127,20170920
19,0.0,603127,20170921
20,0.0,603127,20170922
21,0.0,603127,20170925
22,0.0,603127,20170926
23,0.0,603127,20170927
24,0.0,603127,20170928
25,0.0,603127,20170929
26,0.0,603127,20171009
27,0.0,603127,20171010
28,0.0,603127,20171011
29,0.0,603127,20171012
30,0.0,603127,20171013
31,0.0,603127,20171016
32,0.0,603127,20171017
33,0.0,603127,20171018
34,0.0,603127,20171019
35,0.0,603127,20171020
36,0.0,603127,20171023
37,0.0,603127,20171024
38,0.0,603127,20171025
39,0.0,603127,20171026
40,0.0,603127,20171027
41,0.0,603127,20171030
42,0.0,603127,20171031
43,0.0,603127,20171101
44,0.0,603127,20171102
45,0.0,603127,20171103
46,0.0,603127,20171106
47,0.0,603127,20171107
48,0.0,603127,20171108
49,0.0,603127,20171109
50,0.0,603127,20171110
51,0.0,603127,20171113
52,0.0,603127,20171114
53,0.0,603127,20171115
54,0.0,603127,20171116
55,-1.0,603127,20171117
56,0.0,603127,20171120
57,0.0,603127,20171121
58,0.0,603127,20171122
59,0.0,603127,20171123
60,0.0,603127,20171124
61,0.0,603127,20171127
62,0.0,603127,20171128
63,0.0,603127,20171129
64,0.0,603127,20171130
65,0.0,603127,20171201
66,0.0,603127,20171204
67,0.0,603127,20171205
68,0.0,603127,20171206
69,0.0,603127,20171207
70,0.0,603127,20171208
71,0.0,603127,20171211
72,0.0,603127,20171212
73,0.0,603127,20171213
74,0.0,603127,20171214
75,0.0,603127,20171215
76,0.0,603127,20171218
77,0.0,603127,20171219
78,0.0,603127,20171220
79,0.0,603127,20171221
80,1.0,603127,20171222
81,0.0,603127,20171225
82,0.0,603127,20171226
83,0.0,603127,20171227
84,0.0,603127,20171228
85,0.0,603127,20171229
86,0.0,603127,20180102
87,0.0,603127,20180103
88,0.0,603127,20180104
89,0.0,603127,20180105
90,0.0,603127,20180108
91,0.0,603127,20180109
92,0.0,603127,20180110
93,0.0,603127,20180111
94,0.0,603127,20180112
95,-1.0,603127,20180115
96,1.0,603127,20180116
97,0.0,603127,20180117
98,0.0,603127,20180118
99,0.0,603127,20180119
100,0.0,603127,20180122
101,0.0,603127,20180123
102,0.0,603127,20180124
103,0.0,603127,20180125
104,0.0,603127,20180126
105,-1.0,603127,20180129
106,0.0,603127,20180130
107,0.0,603127,20180131
108,0.0,603127,20180201
109,0.0,603127,20180202
110,0.0,603127,20180205
111,0.0,603127,20180206
112,0.0,603127,20180207
113,0.0,603127,20180208
114,0.0,603127,20180209
115,0.0,603127,20180212
116,0.0,603127,20180213
117,0.0,603127,20180214
118,0.0,603127,20180222
119,0.0,603127,20180223
120,1.0,603127,20180226
121,0.0,603127,20180227
122,-1.0,603127,20180228
123,1.0,603127,20180301
124,0.0,603127,20180302
125,0.0,603127,20180305
126,0.0,603127,20180306
127,0.0,603127,20180307
128,0.0,603127,20180308
129,0.0,603127,20180309
130,0.0,603127,20180312
131,0.0,603127,20180313
132,0.0,603127,20180314
133,0.0,603127,20180315
134,0.0,603127,20180316
135,0.0,603127,20180319
136,0.0,603127,20180320
137,0.0,603127,20180321
138,0.0,603127,20180322
139,0.0,603127,20180323
140,0.0,603127,20180326
141,0.0,603127,20180327
142,0.0,603127,20180328
143,0.0,603127,20180329
144,0.0,603127,20180330
145,0.0,603127,20180402
146,0.0,603127,20180403
147,0.0,603127,20180404
148,0.0,603127,20180409
149,0.0,603127,20180410
150,0.0,603127,20180411
151,0.0,603127,20180412
152,0.0,603127,20180413
153,0.0,603127,20180416
154,-1.0,603127,20180417
155,1.0,603127,20180418
156,0.0,603127,20180419
157,0.0,603127,20180420
158,-1.0,603127,20180423
159,1.0,603127,20180424
160,0.0,603127,20180425
161,0.0,603127,20180426
162,0.0,603127,20180427
163,0.0,603127,20180502
164,0.0,603127,20180503
165,0.0,603127,20180504
166,0.0,603127,20180507
167,0.0,603127,20180508
168,0.0,603127,20180509
169,0.0,603127,20180510
170,0.0,603127,20180511
171,0.0,603127,20180514
172,0.0,603127,20180515
173,0.0,603127,20180516
174,0.0,603127,20180517
175,0.0,603127,20180518
176,0.0,603127,20180521
177,0.0,603127,20180522
178,0.0,603127,20180523
179,0.0,603127,20180524
180,0.0,603127,20180525
181,0.0,603127,20180528
182,-1.0,603127,20180529
183,0.0,603127,20180530
184,1.0,603127,20180531
185,-1.0,603127,20180601
186,0.0,603127,20180604
187,0.0,603127,20180605
188,0.0,603127,20180606
189,0.0,603127,20180607
190,0.0,603127,20180608
191,0.0,603127,20180611
192,0.0,603127,20180612
193,0.0,603127,20180613
194,0.0,603127,20180614
195,0.0,603127,20180615
196,0.0,603127,20180619
197,0.0,603127,20180620
198,0.0,603127,20180621
199,0.0,603127,20180622
200,0.0,603127,20180625
201,1.0,603127,20180626
202,-1.0,603127,20180627
203,0.0,603127,20180628
204,1.0,603127,20180629
205,0.0,603127,20180702
206,0.0,603127,20180703
207,0.0,603127,20180704
208,0.0,603127,20180705
209,0.0,603127,20180706
210,0.0,603127,20180709
211,0.0,603127,20180710
212,0.0,603127,20180711
213,0.0,603127,20180712
214,0.0,603127,20180713
215,0.0,603127,20180716
216,0.0,603127,20180717
217,0.0,603127,20180718
218,0.0,603127,20180719
219,0.0,603127,20180720
220,0.0,603127,20180723
221,0.0,603127,20180724
222,0.0,603127,20180725
223,0.0,603127,20180726
224,0.0,603127,20180727
225,-1.0,603127,20180730
226,0.0,603127,20180731
227,0.0,603127,20180801
228,0.0,603127,20180802
229,0.0,603127,20180803
230,0.0,603127,20180806
231,0.0,603127,20180807
232,0.0,603127,20180808
233,0.0,603127,20180809
234,0.0,603127,20180810
235,0.0,603127,20180813
236,0.0,603127,20180814
237,0.0,603127,20180815
238,0.0,603127,20180816
239,0.0,603127,20180817
240,0.0,603127,20180820
241,0.0,603127,20180821
242,0.0,603127,20180822
243,0.0,603127,20180823
244,0.0,603127,20180824
245,1.0,603127,20180827
246,0.0,603127,20180828
247,0.0,603127,20180829
248,0.0,603127,20180830
249,0.0,603127,20180831
250,0.0,603127,20180903
251,0.0,603127,20180904
252,0.0,603127,20180905
253,0.0,603127,20180906
254,0.0,603127,20180907
255,0.0,603127,20180910
256,0.0,603127,20180911
257,0.0,603127,20180912
258,0.0,603127,20180913
259,0.0,603127,20180914
260,0.0,603127,20180917
261,-1.0,603127,20180918
262,0.0,603127,20180919
263,0.0,603127,20180920
264,0.0,603127,20180921
265,0.0,603127,20180925
266,1.0,603127,20180926
267,-1.0,603127,20180927
268,1.0,603127,20180928
269,-1.0,603127,20181008
270,1.0,603127,20181009
271,-1.0,603127,20181010
272,0.0,603127,20181011
273,0.0,603127,20181012
274,0.0,603127,20181015
275,0.0,603127,20181016
276,0.0,603127,20181017
277,0.0,603127,20181018
278,0.0,603127,20181019
279,1.0,603127,20181022
280,-1.0,603127,20181023
281,0.0,603127,20181024
282,0.0,603127,20181025
283,0.0,603127,20181026
284,0.0,603127,20181029
285,0.0,603127,20181030
286,1.0,603127,20181031
287,0.0,603127,20181101
288,0.0,603127,20181102
289,0.0,603127,20181105
290,0.0,603127,20181106
291,0.0,603127,20181107
292,0.0,603127,20181108
293,0.0,603127,20181109
294,0.0,603127,20181112
295,0.0,603127,20181113
296,0.0,603127,20181114
297,0.0,603127,20181115
298,0.0,603127,20181116
299,0.0,603127,20181119
300,0.0,603127,20181120
301,0.0,603127,20181121
302,0.0,603127,20181122
303,0.0,603127,20181123
304,0.0,603127,20181126
305,0.0,603127,20181127
306,0.0,603127,20181128
307,0.0,603127,20181129
308,0.0,603127,20181130
309,0.0,603127,20181203
310,0.0,603127,20181204
311,0.0,603127,20181205
312,0.0,603127,20181206
313,0.0,603127,20181207
314,0.0,603127,20181210
315,0.0,603127,20181211
316,-1.0,603127,20181212
317,1.0,603127,20181213
318,-1.0,603127,20181214
319,0.0,603127,20181217
320,0.0,603127,20181218
321,0.0,603127,20181219
322,0.0,603127,20181220
323,0.0,603127,20181221
324,0.0,603127,20181224
325,0.0,603127,20181225
326,0.0,603127,20181226
327,0.0,603127,20181227
328,0.0,603127,20181228
329,0.0,603127,20190102
330,0.0,603127,20190103
331,0.0,603127,20190104
332,0.0,603127,20190107
333,0.0,603127,20190108
334,0.0,603127,20190109
335,0.0,603127,20190110
336,0.0,603127,20190111
337,0.0,603127,20190114
338,1.0,603127,20190115
339,0.0,603127,20190116
340,0.0,603127,20190117
341,0.0,603127,20190118
342,0.0,603127,20190121
343,0.0,603127,20190122
344,0.0,603127,20190123
345,0.0,603127,20190124
346,0.0,603127,20190125
347,0.0,603127,20190128
348,0.0,603127,20190129
349,0.0,603127,20190130
350,0.0,603127,20190131
351,0.0,603127,20190201
352,0.0,603127,20190211
353,0.0,603127,20190212
354,0.0,603127,20190213
355,0.0,603127,20190214
356,0.0,603127,20190215
357,0.0,603127,20190218
358,0.0,603127,20190219
359,0.0,603127,20190220
360,0.0,603127,20190221
361,0.0,603127,20190222
362,0.0,603127,20190225
363,0.0,603127,20190226
364,0.0,603127,20190227
365,0.0,603127,20190228
366,0.0,603127,20190301
367,0.0,603127,20190304
368,0.0,603127,20190305
369,0.0,603127,20190306
370,0.0,603127,20190307
371,0.0,603127,20190308
372,0.0,603127,20190311
373,0.0,603127,20190312
374,0.0,603127,20190313
375,0.0,603127,20190314
376,0.0,603127,20190315
377,0.0,603127,20190318
378,0.0,603127,20190319
379,0.0,603127,20190320
380,0.0,603127,20190321
381,0.0,603127,20190322
382,-1.0,603127,20190325
383,0.0,603127,20190326
384,0.0,603127,20190327
385,0.0,603127,20190328
386,0.0,603127,20190329
387,0.0,603127,20190401
388,0.0,603127,20190402
389,0.0,603127,20190403
390,0.0,603127,20190404
391,0.0,603127,20190408
392,0.0,603127,20190409
393,0.0,603127,20190410
394,0.0,603127,20190411
395,0.0,603127,20190412
396,0.0,603127,20190415
397,0.0,603127,20190416
398,0.0,603127,20190417
399,0.0,603127,20190418
400,0.0,603127,20190419
401,0.0,603127,20190422
402,1.0,603127,20190423
403,0.0,603127,20190424
404,0.0,603127,20190425
405,-1.0,603127,20190426
406,0.0,603127,20190429
407,0.0,603127,20190430
408,0.0,603127,20190506
409,0.0,603127,20190507
410,0.0,603127,20190508
411,0.0,603127,20190509
412,0.0,603127,20190510
413,0.0,603127,20190513
414,1.0,603127,20190514
415,0.0,603127,20190515
416,0.0,603127,20190516
417,0.0,603127,20190517
418,0.0,603127,20190520
419,0.0,603127,20190521
420,0.0,603127,20190522
421,0.0,603127,20190523
422,-1.0,603127,20190524
423,1.0,603127,20190527
424,0.0,603127,20190528
425,0.0,603127,20190529
426,0.0,603127,20190530
427,0.0,603127,20190531
428,-1.0,603127,20190603
429,0.0,603127,20190604
430,0.0,603127,20190605
431,0.0,603127,20190606
432,0.0,603127,20190610
433,0.0,603127,20190611
434,0.0,603127,20190612
435,0.0,603127,20190613
436,0.0,603127,20190614
437,0.0,603127,20190617
438,0.0,603127,20190618
439,1.0,603127,20190619
440,0.0,603127,20190620
441,0.0,603127,20190621
442,-1.0,603127,20190624
443,0.0,603127,20190625
444,1.0,603127,20190626
445,0.0,603127,20190627
446,0.0,603127,20190628
447,0.0,603127,20190701
448,0.0,603127,20190702
449,0.0,603127,20190703
450,0.0,603127,20190704
451,0.0,603127,20190705
452,0.0,603127,20190708
453,0.0,603127,20190709
454,-1.0,603127,20190710
455,1.0,603127,20190711
456,0.0,603127,20190712
457,-1.0,603127,20190715
458,1.0,603127,20190716
459,-1.0,603127,20190717
460,1.0,603127,20190718
461,0.0,603127,20190719
462,0.0,603127,20190722
463,0.0,603127,20190723
464,0.0,603127,20190724
465,0.0,603127,20190725
466,0.0,603127,20190726
467,0.0,603127,20190729
468,0.0,603127,20190730
469,0.0,603127,20190731
470,0.0,603127,20190801
471,0.0,603127,20190802
472,0.0,603127,20190805
473,0.0,603127,20190806
474,0.0,603127,20190807
475,0.0,603127,20190808
476,0.0,603127,20190809
477,0.0,603127,20190812
478,0.0,603127,20190813
479,0.0,603127,20190814
480,0.0,603127,20190815
481,0.0,603127,20190816
482,0.0,603127,20190819
483,0.0,603127,20190820
484,0.0,603127,20190821
485,0.0,603127,20190822
486,0.0,603127,20190823
487,0.0,603127,20190826
488,0.0,603127,20190827
489,0.0,603127,20190828
490,0.0,603127,20190829
491,0.0,603127,20190830
492,0.0,603127,20190902
493,0.0,603127,20190903
494,0.0,603127,20190904
495,0.0,603127,20190905
496,0.0,603127,20190906
497,0.0,603127,20190909
498,0.0,603127,20190910
499,-1.0,603127,20190911
500,0.0,603127,20190912
501,0.0,603127,20190916
502,0.0,603127,20190917
503,0.0,603127,20190918
504,0.0,603127,20190919
505,0.0,603127,20190920
506,1.0,603127,20190923
507,0.0,603127,20190924
508,0.0,603127,20190925
509,0.0,603127,20190926
510,0.0,603127,20190927
511,0.0,603127,20190930
512,0.0,603127,20191008
513,0.0,603127,20191009
514,0.0,603127,20191010
515,0.0,603127,20191011
516,0.0,603127,20191014
517,0.0,603127,20191015
518,0.0,603127,20191016
519,0.0,603127,20191017
520,0.0,603127,20191018
521,-1.0,603127,20191021
522,0.0,603127,20191022
523,0.0,603127,20191023
524,0.0,603127,20191024
525,0.0,603127,20191025
526,0.0,603127,20191028
527,0.0,603127,20191029
528,0.0,603127,20191030
529,0.0,603127,20191031
530,0.0,603127,20191101
531,1.0,603127,20191104
532,-1.0,603127,20191105
533,0.0,603127,20191106
534,0.0,603127,20191107
535,0.0,603127,20191108
536,0.0,603127,20191111
537,0.0,603127,20191112
538,0.0,603127,20191113
539,0.0,603127,20191114
540,0.0,603127,20191115
541,0.0,603127,20191118
542,1.0,603127,20191119
543,0.0,603127,20191120
544,-1.0,603127,20191121
545,0.0,603127,20191122
546,0.0,603127,20191125
547,0.0,603127,20191126
548,0.0,603127,20191127
549,0.0,603127,20191128
550,0.0,603127,20191129
551,0.0,603127,20191202
552,0.0,603127,20191203
553,1.0,603127,20191204
554,0.0,603127,20191205
555,0.0,603127,20191206
556,-1.0,603127,20191209
557,0.0,603127,20191210
558,1.0,603127,20191211
559,0.0,603127,20191212
560,0.0,603127,20191213
561,0.0,603127,20191216
562,0.0,603127,20191217
563,0.0,603127,20191218
564,0.0,603127,20191219
565,-1.0,603127,20191220
566,0.0,603127,20191223
567,0.0,603127,20191224
568,0.0,603127,20191225
569,0.0,603127,20191226
570,0.0,603127,20191227
571,0.0,603127,20191230
572,0.0,603127,20191231
573,0.0,603127,20200102
574,0.0,603127,20200103
575,0.0,603127,20200106
576,0.0,603127,20200107
