-1.542609512279109918e+00
9.437904866478912247e-01
9.768088657312946621e-01
2.187572761541185518e-01
-7.336628862112133387e-01
-7.468189097302670998e-01
8.616470428013198735e-01
1.247343177647978862e+00
8.078573478960053844e-01
8.464910807005913140e-01
-2.981256924360209393e-01
8.582124902576108161e-01
-5.105793329613288467e-01
-8.923497365568763273e-01
5.618770900485762221e-01
-1.142102076766559504e+00
-6.817755395693533282e-01
5.846280860502350851e-01
8.674395297546136918e-01
5.410155046947476842e-01
9.346546078399894375e-01
-4.788333918896919283e-01
-1.980543016504082710e-01
-4.466389918871677134e-01
4.569646776009022582e-01
1.053282371719409749e+00
1.179999054644451428e+00
-7.226702345247347781e-01
-5.985144221665434916e-01
-5.155870425783817268e-01
-1.425233166181982813e+00
-7.017472714369944464e-01
7.009328209814413846e-01
2.325176203183302870e-01
4.601951391821360038e-01
-5.251699556112904288e-01
-8.841374510380417551e-01
-4.150450495143965246e-01
-9.063065607327448481e-01
-4.847089725707037222e-01
-1.198070694888329901e-01
-3.948743451311694797e-01
8.478781516770548254e-01
-6.565335265296990963e-01
-1.692431031584430867e+00
3.035226983115034138e-01
6.889243797055952800e-01
-1.126036004057417106e+00
1.525271494067853340e+00
-3.706232228656951566e-01
4.885280650902817379e-01
1.018893460514667393e-01
8.324922938075958179e-01
6.403662432572485574e-01
5.687873630179932638e-01
-9.441136050149490089e-01
-5.106270871805277389e-01
7.981135330471026412e-01
3.490132578298730248e-01
3.111224325833858440e-01
6.090239497135059299e-01
5.681181919930961000e-01
2.616523900618392129e-01
-5.694798822054517595e-01
-7.472722255511398126e-01
1.128249624777325266e+00
-6.905260294508926977e-01
-6.850536916287736089e-01
-7.003577401831534432e-01
-9.164420207335755020e-01
-3.273064654357742409e-01
-4.904772362160618182e-01
4.698638241925865988e-01
-6.067410658299922099e-01
6.061606185216947829e-01
9.147650939080572696e-01
-1.059723550454690466e+00
4.596032803780445986e-01
-7.816697951618616358e-01
1.846340523144106571e-01
-4.167598702380474474e-01
-5.289936899870530951e-01
5.895713375277066293e-01
5.747898093006340581e-01
4.578917356864503629e-01
1.620595218553847472e+00
-1.128366397626375361e+00
-3.055002230035692712e-01
7.798408686536059120e-01
3.991938584901460474e-01
6.836126433180288453e-01
8.175362933884654515e-01
6.249491923204439914e-01
3.753132283473046282e-01
4.847176236792194448e-01
4.255220559543396730e-01
1.402650015751299439e-01
9.112484125723802064e-01
-8.272493169351532449e-01
-7.623798556144372185e-01
5.633857352560119880e-01
9.096574134765110786e-01
6.035581614723957156e-01
4.124678922571544115e-01
-3.138137721935303492e-01
-6.171860725862777786e-01
-8.136997490216960616e-01
7.227618686515592250e-01
2.397710392608151386e-01
-5.575615752153374460e-01
-6.577628600823689498e-01
8.743139509448167868e-01
4.980043795272163787e-01
1.182623043598177492e+00
6.478893450030404066e-01
9.853597600519613531e-01
7.473442456323995398e-01
-2.487450073564750896e-01
6.528478684207168481e-01
1.243836944620227564e-01
5.925952077391454242e-01
1.254429256660066327e+00
-6.809313820080188373e-01
-1.203450393245272254e+00
-3.378477916893760091e-01
4.054832524401809080e-01
-8.815354099336504268e-01
8.206951716605356273e-01
7.552883777107159968e-01
4.943629851383082863e-01
9.899393422543051324e-01
-2.034673346498534485e-01
9.289097401242665253e-01
-5.917506028473301649e-01
3.827601296574434930e-01
5.464971581400041023e-01
7.082500774839561863e-01
-7.194296655751484248e-01
5.681582769811450717e-01
-5.198655353882647434e-01
-7.152771234189314598e-01
7.182488392090542462e-01
-8.947980798648819123e-01
-5.946638046457946025e-01
-3.785487362385800414e-01
9.318637341600527479e-01
-8.450952273173385487e-01
5.840744440142078275e-01
5.833716796959936834e-01
-7.215785228060411782e-01
-5.653784424155274824e-01
1.036966785113523137e+00
9.763430120794881484e-01
1.074354104113799169e+00
6.420033371750197837e-01
5.724543782220593569e-01
1.523707836028565243e-01
3.780662378945414126e-01
6.546061554771505087e-01
6.046039632618629422e-01
-3.812801241622718607e-01
-1.106034514495022325e+00
-8.715517059756060503e-01
7.202252776882408503e-01
-1.144708217769731640e+00
5.391623132853599065e-01
-5.355746173905909790e-01
-3.084821325564002237e-01
-8.356368572204089240e-01
1.315325297010255579e+00
7.346358945869811974e-01
-3.978613031580445214e-01
6.669815294234766601e-01
-4.699172579883617029e-01
1.600422053857208926e+00
5.347670156816146658e-01
-4.187914345232493507e-01
3.345535450774902997e-01
8.500867931915080389e-01
5.981601729431489378e-01
2.808205355378137758e-01
-4.926042696724959313e-01
-3.769325466908330924e-01
1.019887733273771246e+00
-2.961376687216362158e-01
1.519966813761919111e+00
1.340939511282259078e+00
-6.545326359799253924e-01
8.587276366103533398e-01
6.525543103908145737e-01
7.024147488336418554e-01
-6.919647429491713186e-01
-9.871699917291956172e-01
6.820402645424494814e-01
-7.700739018021763860e-01
5.920011291964143441e-01
-1.099440738485414126e+00
-6.592159090376329411e-01
-5.041805138045970525e-01
-2.869882998001775931e-01
3.916758557566005217e-01
