-1.809123895647138491e+00
-6.016341070477707609e-01
3.249421381867792502e-01
5.081623720164920588e-01
6.530263991941711588e-01
1.169314380671189202e+00
1.563033704060437179e+00
6.098806717778566533e-01
1.957151935800322540e-01
1.333766206835706125e+00
-1.068259335015470102e+00
-1.561953943061742178e+00
6.346170066245407915e-01
1.127036581955236816e+00
4.625723274020197562e-01
9.342374020847765692e-02
1.664225859974473865e-01
1.054462809193283945e+00
1.528273298440916639e+00
1.013416620349016695e+00
7.358359922889228244e-01
-1.415019450839014148e+00
7.870555135161978466e-01
-1.463846195969920938e+00
-1.229527858864215784e+00
8.981774214633793108e-01
8.246556139928551410e-01
8.747589840237539605e-01
4.334809849202400645e-01
1.533078229475868470e+00
-9.168745390812659268e-01
-7.936771659352372943e-01
-1.225452119962714193e+00
9.713768527584292212e-01
-1.157833885635796589e+00
4.916898862353064614e-01
-1.335061249323957755e+00
1.663409292199253375e+00
5.948302555671236558e-01
-3.099353757780157637e-03
-5.991469202349564149e-01
-5.427336031776357483e-01
-1.965267387458783377e-01
8.538664587958225693e-01
-8.339876221340377649e-01
-6.785997939501167142e-01
5.779314477961451368e-01
4.979925405545050920e-01
8.486998704056348819e-01
8.232296639155048945e-01
-1.631006855787056509e+00
4.829378717323810077e-01
1.010880016935927106e+00
6.219302921663955042e-01
-9.892981018293297568e-01
8.368138216342405622e-01
1.007910021007479617e+00
8.128131188266847218e-01
-1.022079452331217109e+00
-2.155831450754945422e+00
-1.015594677907291965e+00
7.101508860028399317e-01
-8.337106969691490121e-01
1.443655328396869386e+00
-7.439575537541009975e-01
-1.660117311851105004e+00
-6.858527480720212344e-01
-9.759744084747696835e-01
-1.023820367898913286e+00
-1.300636244778855088e+00
3.219600111328374537e-01
8.387078942387750091e-01
9.442797786245837877e-01
1.249311014396962127e+00
1.377012018426821749e+00
-1.774912403353394452e-01
-1.274693524627465102e+00
-7.659589634257910618e-01
-7.171442493624982095e-01
8.740493838639739055e-01
6.277068919071425723e-01
1.080740532632470385e+00
-9.635226255144713203e-01
-2.934924231419983043e-01
-9.609267432759087679e-01
-1.291239884935446502e+00
-1.107553478271637193e+00
4.731562324784708284e-01
1.156232331371344901e-01
3.013985057407019275e-01
8.027715357154354692e-01
-9.835740696108761227e-01
6.200567117064844647e-01
8.179947235511113579e-01
-7.416782565937842797e-01
9.044570378097941399e-01
-1.385004421716770739e+00
-1.662677254503753810e+00
-1.203144283444988583e+00
-6.677903328340178968e-01
-7.328468088084991727e-01
1.729175097195181143e+00
-1.014006130895809710e+00
1.271177614374419562e+00
-1.055535785555242523e+00
1.994113093158536243e+00
-3.965304425376953851e-02
-6.557305874613331698e-01
1.106764716639458523e+00
1.166523511304845773e+00
-3.072528939147950999e-01
7.285419466631243290e-01
-8.889965129538466293e-01
1.198356164590814510e+00
-6.374740144958855881e-01
-8.003690693599130324e-01
-9.835267722482690655e-02
-1.034561436678550050e+00
-1.092193775931834088e+00
8.141028995407797453e-01
-1.251017336017006487e+00
2.009295560446934914e+00
1.287514592314836559e+00
-8.032029335590739061e-01
-4.321639700364192649e-01
6.197573756660779143e-01
-5.960417408704420383e-01
8.909987215376088399e-01
-1.288695228553236261e+00
1.247040148315975427e+00
-3.664548011209717848e-01
2.940977518282232861e-01
-1.023446022080187090e+00
1.190215046414989430e+00
-6.616927317501449801e-01
1.282837793874987309e+00
-4.531199812353889911e-01
-8.941213897052521231e-01
-9.728932337209510450e-01
-1.659841951123816273e+00
7.619693202432678003e-01
4.099325999346857263e-01
7.652190960242577500e-01
7.629145907530179294e-01
-5.728246243542921556e-01
-1.869451702839879381e-01
4.612411755302676247e-02
-1.790046717234987206e+00
7.800546115335038611e-01
-1.177231405898057970e+00
1.150049901842248756e+00
-1.200425053050252933e+00
-6.203392638740139464e-01
8.472888264452657081e-01
6.607706234834992420e-01
7.288142821682825900e-01
6.141185708219671913e-01
1.235168920920077795e+00
3.859887153349879640e-01
8.303108034881165889e-01
1.138827685668723166e+00
-1.156216907787184445e+00
4.728471083446382228e-01
-2.863447619937514732e-01
-1.569382006037719268e+00
-1.155249336159395845e+00
5.612341108303322557e-01
1.685272193600088952e+00
1.185303088598411936e+00
-6.441735116443852993e-01
8.825899452502954379e-01
9.653937707692563652e-01
-2.246392628281910497e-01
1.219393676431853146e+00
-9.500410534259948747e-01
-1.023636196443459268e+00
1.184027683650923368e+00
-1.129098526350073906e+00
-1.130705892743471219e+00
1.312749638070587865e+00
6.375196893939866216e-01
6.608657561222569532e-01
-7.207073978163821559e-01
7.538947566204461381e-01
1.398902624363864922e+00
7.608382363410772786e-01
1.341101879036175726e+00
-6.016518087502060741e-01
-5.688436064242995416e-01
-9.253658520770408069e-01
-1.392331879418668983e-01
5.980625366016608345e-03
4.697441731501608153e-01
-9.999766218380629068e-01
1.808256508012140718e-01
5.494241101494853341e-01
5.773115169451761286e-01
-1.129844597883368440e+00
-6.650626644502913853e-01
1.375109806063551598e+00
9.542566517109726254e-01
