-4.036275731123357691e-01
-8.780668985438682128e-01
7.724564120785455401e-01
7.469300616715983665e-01
5.925460587003881230e-01
5.265601332707934290e-01
1.551835215991981265e-01
-1.670955207969389011e-01
5.645342259234187310e-02
-4.433448749462012284e-01
-3.396989262690206512e-01
7.810645318116042901e-01
6.044382334326712236e-01
-6.930438503599640754e-01
-5.171246755405320972e-01
-2.574473081983974510e-01
6.708226199958948754e-01
6.540305964923409654e-02
6.099298611542232074e-01
9.426699680981978080e-01
-3.731713695333003233e-01
-1.337855496796453991e-01
5.081035782046123828e-01
-9.596079543405660051e-01
5.029799604634686006e-01
-8.505558943665469940e-01
5.155405560411852051e-02
1.611058851561757432e-01
5.054765834558354598e-01
8.904190358173496023e-01
-1.746257107320909885e-01
-7.029445768344242396e-01
-5.959554933993445047e-01
8.282775196929628159e-01
-5.142220997770683422e-01
-9.196559779100710319e-01
-1.589770688960610023e-01
-2.474004510833827108e-01
8.914545913386873188e-01
-6.173022471690079449e-01
-7.279552743850046248e-01
8.733960038453048025e-01
-3.571137411624518698e-01
6.924658722224266150e-01
-9.537193825708814021e-01
-7.168358175532902887e-01
-2.848501809440258103e-01
-3.484894947296577339e-01
9.210360822132472869e-01
-3.177477764927774118e-01
7.016309536974127958e-01
-9.077428357822650007e-01
-3.870314387811777390e-01
8.650831798175748766e-01
-2.503054801809938557e-01
-5.323631352411988260e-01
-2.045343320182522184e-01
-9.104269932070179205e-01
6.309062969992806913e-01
-6.026514923537391599e-01
-6.015140418387519006e-01
1.601748116611310113e-01
5.033086491563929510e-01
-4.637844905913199867e-01
1.796080324584179433e-01
-5.922956646523032109e-01
-6.098917270921815348e-01
2.653572630631391149e-01
3.939095625399020584e-01
9.305981296963983240e-02
7.246018699804470664e-01
5.326933423591437844e-01
5.925690204197981981e-01
-5.005504563633618176e-01
-4.855813811368849819e-01
1.715962894487372825e-01
-6.301262413404948859e-01
7.705354675320337243e-01
-2.162326196871438011e-01
4.071503057623340194e-01
-7.955661054693492495e-01
-8.946835305395355320e-01
7.170247793318840213e-01
-2.429282390571698702e-01
-4.596955128107611532e-01
9.143204353500939963e-01
-9.424363165665223807e-01
4.731782868792324681e-01
-8.183613759570884660e-02
-7.906103234257222390e-02
-5.494110206715352440e-01
-4.975627586723589957e-01
-7.686400299499980271e-01
-7.739745043801471436e-01
2.038443630160517994e-01
-4.500502253287654852e-01
4.419293159405988103e-01
-1.945860697173329434e-02
-5.974746785777689251e-01
-8.359405508988575484e-01
4.039056064298194304e-01
-6.631385711079713641e-01
2.755429050054132301e-01
6.775486324673825056e-01
-1.118742468038065319e-01
-3.261453291869411686e-01
-1.590374138027006445e-01
-5.929514880524178189e-01
-7.424340364226336142e-01
-9.838198166238869558e-01
4.359621127096260373e-01
9.193027440871268663e-01
-9.988874582653943790e-01
8.878219871430073074e-01
1.187387176574983272e-01
3.070610302189138441e-01
9.932430800516149905e-01
3.950455749795460658e-01
4.377335832273001603e-01
-3.311127028488023427e-01
-6.384699844273065139e-01
6.965661665221631882e-01
-1.532746054915143930e-01
4.403620796600009601e-01
6.301427433418809176e-01
3.605143272815505284e-01
-5.673482612249520773e-01
1.321168177049054648e-01
-9.232219777539834027e-01
3.892762116634034264e-01
8.089163847610876257e-01
5.422462248674122520e-01
7.354421337227252664e-01
-6.501589853407276909e-01
-6.069198109623437087e-01
-7.708554265498590574e-02
-8.502531515362925507e-01
3.263633339815767975e-01
7.877060674178550936e-01
-4.110284985161298810e-01
-6.272847773726049070e-01
3.342310023701868804e-01
7.329312763044750767e-01
9.453826441644370693e-01
-3.037746546946333837e-01
6.760468589497692360e-01
-4.113919764092845988e-01
-9.136219227821313904e-01
-6.759068194815538444e-01
1.986522131227745902e-01
-5.475633725572475186e-01
7.371785647839299571e-01
-7.563938026055971875e-02
8.065528036343241336e-01
2.157248834245442115e-01
5.689163904969145591e-01
-6.042173395017123028e-01
-6.942294972889238025e-01
-8.931069290879631861e-01
8.318405852482213536e-01
-2.077046462372260649e-01
5.871697265946287381e-01
4.649423088590931563e-01
6.914685970518186231e-01
7.629183297604056335e-01
6.951278588729843388e-01
5.032820167607288120e-01
-5.005129880624816785e-01
9.152382660919224922e-01
1.314113500234088683e-01
-8.951898016665207347e-01
-6.850179999405521247e-01
-9.494998899860727093e-01
-2.531293522579209920e-01
-7.931747301541172135e-01
2.886047729216587587e-01
-7.878401094445970365e-01
9.849131813785543255e-01
7.380831639157436896e-02
-3.026259861381768168e-01
7.497200202154228332e-01
-1.059366035356856806e-02
3.515195366639090047e-02
-6.842624079605339471e-01
8.426047298529302232e-01
-7.343798611506990870e-01
7.135111359906294304e-01
6.150865611704827707e-01
-6.405408547703461686e-02
-6.335684570390665016e-01
8.483924238839746224e-01
5.370878690009430745e-01
-4.648137325010883725e-01
9.343370624798825741e-01
9.595303346105192865e-01
-9.417591377857030821e-01
-8.675520881792502248e-01
1.590851770828110023e-01
-7.394997324378886905e-01
7.430451288303248081e-01
4.135937812290335636e-01
